[gd_scene load_steps=8 format=3 uid="uid://bcpaay2w7bg8h"]

[ext_resource type="PackedScene" uid="uid://b4qnk4fdswfyr" path="res://assets/models/grass_2.glb" id="1_tpweb"]
[ext_resource type="PackedScene" uid="uid://b75esojlycyay" path="res://scenes/basement_door.tscn" id="2_ggqgh"]
[ext_resource type="PackedScene" uid="uid://bmbs820t00b8c" path="res://scenes/lamp_post.tscn" id="4_p0ak5"]
[ext_resource type="PackedScene" uid="uid://bflutwryf6nrp" path="res://scenes/tree_douglas.tscn" id="12_cpw6v"]
[ext_resource type="PackedScene" uid="uid://3geliyexguky" path="res://scenes/security_shed.tscn" id="12_g3a10"]
[ext_resource type="PackedScene" uid="uid://c5sk0j84shlje" path="res://scenes/cabin.tscn" id="12_tcemw"]
[ext_resource type="PackedScene" uid="uid://bheum47y5mtiv" path="res://scenes/artwork.tscn" id="12_uw5u8"]

[node name="Forest" type="Node3D"]

[node name="grass_2" parent="." instance=ExtResource("1_tpweb")]

[node name="lamp_post" parent="." instance=ExtResource("4_p0ak5")]
transform = Transform3D(1, 0, 0, 0, 1, 0, 0, 0, 1, -6.9797, 9.53674e-07, -3.57248)

[node name="cabin" parent="." instance=ExtResource("12_tcemw")]
transform = Transform3D(-4.37114e-08, 0, -1, 0, 1, 0, 1, 0, -4.37114e-08, 7.72248, -0.294846, -4.42228)

[node name="Trees" type="Node3D" parent="."]

[node name="tree_douglas" parent="Trees" instance=ExtResource("12_cpw6v")]
transform = Transform3D(0.756516, 0, -0.653975, 0, 1, 0, 0.653975, 0, 0.756516, -15.7946, 0, 0)

[node name="tree_douglas6" parent="Trees" instance=ExtResource("12_cpw6v")]
transform = Transform3D(0.0824428, 0, -0.996596, 0, 1, 0, 0.996596, 0, 0.0824428, -34.0847, 0, -17.3223)

[node name="tree_douglas2" parent="Trees" instance=ExtResource("12_cpw6v")]
transform = Transform3D(1, 0, 0, 0, 1, 0, 0, 0, 1, -20.3074, 0, -9.81828)

[node name="tree_douglas3" parent="Trees" instance=ExtResource("12_cpw6v")]
transform = Transform3D(0.680222, 0, 0.733006, 0, 1, 0, -0.733006, 0, 0.680222, -24.8811, 0, -1.58556)

[node name="tree_douglas5" parent="Trees" instance=ExtResource("12_cpw6v")]
transform = Transform3D(0.680222, 0, 0.733006, 0, 1, 0, -0.733006, 0, 0.680222, -24.8811, 0, -17.5022)

[node name="tree_douglas7" parent="Trees" instance=ExtResource("12_cpw6v")]
transform = Transform3D(-0.0837647, 0, 0.996486, 0, 1, 0, -0.996486, 0, -0.0837647, -24.8812, 0, -27.0888)

[node name="tree_douglas9" parent="Trees" instance=ExtResource("12_cpw6v")]
transform = Transform3D(-0.881122, 0, -0.472889, 0, 1, 0, 0.472889, 0, -0.881122, -38.5325, 0, -37.4521)

[node name="tree_douglas10" parent="Trees" instance=ExtResource("12_cpw6v")]
transform = Transform3D(-0.96026, 0, 0.279109, 0, 1, 0, -0.279109, 0, -0.96026, -15.8184, 0, -48.3449)

[node name="tree_douglas11" parent="Trees" instance=ExtResource("12_cpw6v")]
transform = Transform3D(-0.357325, 0, -0.93398, 0, 1, 0, 0.93398, 0, -0.357325, -27.7499, 0, -38.1586)

[node name="tree_douglas12" parent="Trees" instance=ExtResource("12_cpw6v")]
transform = Transform3D(0.441553, 0, -0.897235, 0, 1, 0, 0.897235, 0, 0.441553, -33.8048, 0, -45.3721)

[node name="tree_douglas13" parent="Trees" instance=ExtResource("12_cpw6v")]
transform = Transform3D(0.441553, 0, -0.897235, 0, 1, 0, 0.897235, 0, 0.441553, -18.9391, 0, -39.6847)

[node name="tree_douglas14" parent="Trees" instance=ExtResource("12_cpw6v")]
transform = Transform3D(0.960629, 0, -0.277835, 0, 1, 0, 0.277835, 0, 0.960629, -9.98532, 0, -36.2593)

[node name="tree_douglas15" parent="Trees" instance=ExtResource("12_cpw6v")]
transform = Transform3D(-0.639976, 0, 0.768395, 0, 1, 0, -0.768395, 0, -0.639976, -30.3818, 0, -77.2206)

[node name="tree_douglas16" parent="Trees" instance=ExtResource("12_cpw6v")]
transform = Transform3D(0.0808774, 0, 0.996724, 0, 1, 0, -0.996724, 0, 0.0808774, -15.1553, 0, -57.1521)

[node name="tree_douglas17" parent="Trees" instance=ExtResource("12_cpw6v")]
transform = Transform3D(-0.986663, 0, 0.162775, 0, 1, 0, -0.162775, 0, -0.986663, -27.5274, 0, -66.7987)

[node name="tree_douglas18" parent="Trees" instance=ExtResource("12_cpw6v")]
transform = Transform3D(-0.790465, 0, -0.612507, 0, 1, 0, 0.612507, 0, -0.790465, -21.6746, 0, -74.1771)

[node name="tree_douglas19" parent="Trees" instance=ExtResource("12_cpw6v")]
transform = Transform3D(-0.790465, 0, -0.612507, 0, 1, 0, 0.612507, 0, -0.790465, -24.2654, 0, -58.4728)

[node name="tree_douglas20" parent="Trees" instance=ExtResource("12_cpw6v")]
transform = Transform3D(-0.0795552, 0, -0.99683, 0, 1, 0, 0.99683, 0, -0.0795552, -25.8257, 0, -49.014)

[node name="tree_douglas21" parent="Trees" instance=ExtResource("12_cpw6v")]
transform = Transform3D(-0.639976, 0, 0.768395, 0, 1, 0, -0.768395, 0, -0.639976, -52.2343, 0, -14.1706)

[node name="tree_douglas22" parent="Trees" instance=ExtResource("12_cpw6v")]
transform = Transform3D(0.0808774, 0, 0.996724, 0, 1, 0, -0.996724, 0, 0.0808774, -37.0079, 0, 5.89787)

[node name="tree_douglas23" parent="Trees" instance=ExtResource("12_cpw6v")]
transform = Transform3D(-0.986663, 0, 0.162775, 0, 1, 0, -0.162775, 0, -0.986663, -49.3799, 0, -3.74866)

[node name="tree_douglas24" parent="Trees" instance=ExtResource("12_cpw6v")]
transform = Transform3D(-0.790465, 0, -0.612507, 0, 1, 0, 0.612507, 0, -0.790465, -43.5271, 0, -11.1271)

[node name="tree_douglas25" parent="Trees" instance=ExtResource("12_cpw6v")]
transform = Transform3D(-0.790465, 0, -0.612507, 0, 1, 0, 0.612507, 0, -0.790465, -46.1179, 0, 4.57722)

[node name="tree_douglas26" parent="Trees" instance=ExtResource("12_cpw6v")]
transform = Transform3D(-0.0795552, 0, -0.99683, 0, 1, 0, 0.99683, 0, -0.0795552, -47.6783, 0, 14.036)

[node name="tree_douglas27" parent="Trees" instance=ExtResource("12_cpw6v")]
transform = Transform3D(-0.639976, 0, 0.768395, 0, 1, 0, -0.768395, 0, -0.639976, -49.5475, 0, -77.2206)

[node name="tree_douglas28" parent="Trees" instance=ExtResource("12_cpw6v")]
transform = Transform3D(0.0808774, 0, 0.996724, 0, 1, 0, -0.996724, 0, 0.0808774, -34.3211, 0, -57.1522)

[node name="tree_douglas29" parent="Trees" instance=ExtResource("12_cpw6v")]
transform = Transform3D(-0.986663, 0, 0.162775, 0, 1, 0, -0.162775, 0, -0.986663, -46.6931, 0, -66.7987)

[node name="tree_douglas30" parent="Trees" instance=ExtResource("12_cpw6v")]
transform = Transform3D(-0.790465, 0, -0.612507, 0, 1, 0, 0.612507, 0, -0.790465, -40.8403, 0, -74.1771)

[node name="tree_douglas31" parent="Trees" instance=ExtResource("12_cpw6v")]
transform = Transform3D(-0.790465, 0, -0.612507, 0, 1, 0, 0.612507, 0, -0.790465, -43.4312, 0, -58.4728)

[node name="tree_douglas32" parent="Trees" instance=ExtResource("12_cpw6v")]
transform = Transform3D(-0.0795552, 0, -0.99683, 0, 1, 0, 0.99683, 0, -0.0795552, -44.9915, 0, -49.014)

[node name="tree_douglas33" parent="Trees" instance=ExtResource("12_cpw6v")]
transform = Transform3D(-0.639976, 0, 0.768395, 0, 1, 0, -0.768395, 0, -0.639976, -11.216, 0, -77.2206)

[node name="tree_douglas34" parent="Trees" instance=ExtResource("12_cpw6v")]
transform = Transform3D(0.0808774, 0, 0.996724, 0, 1, 0, -0.996724, 0, 0.0808774, 4.01046, 0, -57.1522)

[node name="tree_douglas35" parent="Trees" instance=ExtResource("12_cpw6v")]
transform = Transform3D(-0.986663, 0, 0.162775, 0, 1, 0, -0.162775, 0, -0.986663, -8.3616, 0, -66.7987)

[node name="tree_douglas36" parent="Trees" instance=ExtResource("12_cpw6v")]
transform = Transform3D(-0.790465, 0, -0.612507, 0, 1, 0, 0.612507, 0, -0.790465, -2.50879, 0, -74.1771)

[node name="tree_douglas37" parent="Trees" instance=ExtResource("12_cpw6v")]
transform = Transform3D(-0.790465, 0, -0.612507, 0, 1, 0, 0.612507, 0, -0.790465, -5.09961, 0, -58.4728)

[node name="tree_douglas38" parent="Trees" instance=ExtResource("12_cpw6v")]
transform = Transform3D(-0.0795552, 0, -0.99683, 0, 1, 0, 0.99683, 0, -0.0795552, -6.65995, 0, -49.014)

[node name="tree_douglas8" parent="Trees" instance=ExtResource("12_cpw6v")]
transform = Transform3D(-0.679249, 0, -0.733908, 0, 1, 0, 0.733908, 0, -0.679249, -34.0845, 0, -26.8967)

[node name="tree_douglas4" parent="Trees" instance=ExtResource("12_cpw6v")]
transform = Transform3D(0.710824, 0, 0.70337, 0, 1, 0, -0.70337, 0, 0.710824, -29.5158, 0, -8.96452)

[node name="tree_douglas180" parent="Trees" instance=ExtResource("12_cpw6v")]
transform = Transform3D(-0.790465, 0, -0.612507, 0, 1, 0, 0.612507, 0, -0.790465, -62.8542, 0, -84.3039)

[node name="tree_douglas181" parent="Trees" instance=ExtResource("12_cpw6v")]
transform = Transform3D(-0.0795552, 0, -0.99683, 0, 1, 0, 0.99683, 0, -0.0795552, -64.4145, 0, -74.8452)

[node name="tree_douglas182" parent="Trees" instance=ExtResource("12_cpw6v")]
transform = Transform3D(-0.679249, 0, -0.733908, 0, 1, 0, 0.733908, 0, -0.679249, -91.8391, 0, -52.7278)

[node name="tree_douglas183" parent="Trees" instance=ExtResource("12_cpw6v")]
transform = Transform3D(0.710824, 0, 0.70337, 0, 1, 0, -0.70337, 0, 0.710824, -87.2704, 0, -34.7957)

[node name="tree_douglas39" parent="Trees" instance=ExtResource("12_cpw6v")]
transform = Transform3D(-0.927713, 0, 0.373295, 0, 1, 0, -0.373295, 0, -0.927713, 20.6854, 0, -73.2421)

[node name="tree_douglas40" parent="Trees" instance=ExtResource("12_cpw6v")]
transform = Transform3D(-0.401181, 0, 0.915999, 0, 1, 0, -0.915999, 0, -0.401181, 43.6045, 0, -62.7874)

[node name="tree_douglas41" parent="Trees" instance=ExtResource("12_cpw6v")]
transform = Transform3D(-0.945955, 0, -0.324297, 0, 1, 0, 0.324297, 0, -0.945955, 28.1383, 0, -65.4179)

[node name="tree_douglas42" parent="Trees" instance=ExtResource("12_cpw6v")]
transform = Transform3D(-0.405748, 0, -0.913985, 0, 1, 0, 0.913985, 0, -0.405748, 29.795, 0, -74.6889)

[node name="tree_douglas43" parent="Trees" instance=ExtResource("12_cpw6v")]
transform = Transform3D(-0.405748, 0, -0.913985, 0, 1, 0, 0.913985, 0, -0.405748, 34.9567, 0, -59.6325)

[node name="tree_douglas44" parent="Trees" instance=ExtResource("12_cpw6v")]
transform = Transform3D(0.402395, 0, -0.915466, 0, 1, 0, 0.915466, 0, 0.402395, 38.0657, 0, -50.5641)

[node name="tree_douglas45" parent="Trees" instance=ExtResource("12_cpw6v")]
transform = Transform3D(0.680145, 0, 0.733077, 0, 1, 0, -0.733077, 0, 0.680145, 54.3401, 0, -45.1879)

[node name="tree_douglas46" parent="Trees" instance=ExtResource("12_cpw6v")]
transform = Transform3D(0.998877, 0, 0.0473854, 0, 1, 0, -0.0473854, 0, 0.998877, 36.386, 0, -27.5177)

[node name="tree_douglas47" parent="Trees" instance=ExtResource("12_cpw6v")]
transform = Transform3D(0.0351261, 0, 0.999383, 0, 1, 0, -0.999383, 0, 0.0351261, 44.3693, 0, -41.0228)

[node name="tree_douglas48" parent="Trees" instance=ExtResource("12_cpw6v")]
transform = Transform3D(-0.70866, 0, 0.70555, 0, 1, 0, -0.70555, 0, -0.70866, 52.4363, 0, -36.1628)

[node name="tree_douglas49" parent="Trees" instance=ExtResource("12_cpw6v")]
transform = Transform3D(-0.70866, 0, 0.70555, 0, 1, 0, -0.70555, 0, -0.70866, 36.5295, 0, -36.7218)

[node name="tree_douglas50" parent="Trees" instance=ExtResource("12_cpw6v")]
transform = Transform3D(-0.998813, 0, -0.0487103, 0, 1, 0, 0.0487103, 0, -0.998813, 26.9488, 0, -37.0585)

[node name="tree_douglas51" parent="Trees" instance=ExtResource("12_cpw6v")]
transform = Transform3D(0.854577, 0, -0.519325, 0, 1, 0, 0.519325, 0, 0.854577, 59.5266, 0, -4.92542)

[node name="tree_douglas52" parent="Trees" instance=ExtResource("12_cpw6v")]
transform = Transform3D(0.246728, 0, -0.969085, 0, 1, 0, 0.969085, 0, 0.246728, 38.6149, 0, -18.9714)

[node name="tree_douglas53" parent="Trees" instance=ExtResource("12_cpw6v")]
transform = Transform3D(0.986127, 0, 0.165994, 0, 1, 0, -0.165994, 0, 0.986127, 53.4467, 0, -13.8584)

[node name="tree_douglas54" parent="Trees" instance=ExtResource("12_cpw6v")]
transform = Transform3D(0.54911, 0, 0.83575, 0, 1, 0, -0.83575, 0, 0.54911, 50.303, 0, -4.98069)

[node name="tree_douglas55" parent="Trees" instance=ExtResource("12_cpw6v")]
transform = Transform3D(0.54911, 0, 0.83575, 0, 1, 0, -0.83575, 0, 0.54911, 47.6609, 0, -20.6765)

[node name="tree_douglas56" parent="Trees" instance=ExtResource("12_cpw6v")]
transform = Transform3D(-0.248014, 0, 0.968756, 0, 1, 0, -0.968756, 0, -0.248014, 46.0695, 0, -30.13)

[node name="tree_douglas57" parent="Trees" instance=ExtResource("12_cpw6v")]
transform = Transform3D(0.854577, 0, -0.519325, 0, 1, 0, 0.519325, 0, 0.854577, 59.7512, 0, -71.6546)

[node name="tree_douglas58" parent="Trees" instance=ExtResource("12_cpw6v")]
transform = Transform3D(0.246728, 0, -0.969085, 0, 1, 0, 0.969085, 0, 0.246728, 38.8395, 0, -85.7006)

[node name="tree_douglas59" parent="Trees" instance=ExtResource("12_cpw6v")]
transform = Transform3D(0.986127, 0, 0.165994, 0, 1, 0, -0.165994, 0, 0.986127, 53.6713, 0, -80.5876)

[node name="tree_douglas60" parent="Trees" instance=ExtResource("12_cpw6v")]
transform = Transform3D(0.54911, 0, 0.83575, 0, 1, 0, -0.83575, 0, 0.54911, 50.5276, 0, -71.7099)

[node name="tree_douglas61" parent="Trees" instance=ExtResource("12_cpw6v")]
transform = Transform3D(0.54911, 0, 0.83575, 0, 1, 0, -0.83575, 0, 0.54911, 47.8855, 0, -87.4057)

[node name="tree_douglas62" parent="Trees" instance=ExtResource("12_cpw6v")]
transform = Transform3D(-0.248014, 0, 0.968756, 0, 1, 0, -0.968756, 0, -0.248014, 46.2941, 0, -96.8593)

[node name="tree_douglas63" parent="Trees" instance=ExtResource("12_cpw6v")]
transform = Transform3D(0.854577, 0, -0.519325, 0, 1, 0, 0.519325, 0, 0.854577, 77.6566, 0, -11.1408)

[node name="tree_douglas64" parent="Trees" instance=ExtResource("12_cpw6v")]
transform = Transform3D(0.246728, 0, -0.969085, 0, 1, 0, 0.969085, 0, 0.246728, 56.7449, 0, -25.1868)

[node name="tree_douglas65" parent="Trees" instance=ExtResource("12_cpw6v")]
transform = Transform3D(0.986127, 0, 0.165994, 0, 1, 0, -0.165994, 0, 0.986127, 71.5766, 0, -20.0738)

[node name="tree_douglas66" parent="Trees" instance=ExtResource("12_cpw6v")]
transform = Transform3D(0.54911, 0, 0.83575, 0, 1, 0, -0.83575, 0, 0.54911, 68.433, 0, -11.1961)

[node name="tree_douglas67" parent="Trees" instance=ExtResource("12_cpw6v")]
transform = Transform3D(0.54911, 0, 0.83575, 0, 1, 0, -0.83575, 0, 0.54911, 65.7909, 0, -26.8919)

[node name="tree_douglas68" parent="Trees" instance=ExtResource("12_cpw6v")]
transform = Transform3D(-0.248014, 0, 0.968756, 0, 1, 0, -0.968756, 0, -0.248014, 64.1994, 0, -36.3454)

[node name="tree_douglas173" parent="Trees" instance=ExtResource("12_cpw6v")]
transform = Transform3D(-0.348228, 0, -0.93741, 0, 1, 0, 0.93741, 0, -0.348228, 54.7836, 0, -62.4426)

[node name="tree_douglas174" parent="Trees" instance=ExtResource("12_cpw6v")]
transform = Transform3D(-0.348228, 0, -0.93741, 0, 1, 0, 0.93741, 0, -0.348228, 64.3175, 0, -45.8163)

[node name="tree_douglas175" parent="Trees" instance=ExtResource("12_cpw6v")]
transform = Transform3D(-0.904887, 0, -0.425653, 0, 1, 0, 0.425653, 0, -0.904887, 74.1525, 0, -69.0081)

[node name="tree_douglas176" parent="Trees" instance=ExtResource("12_cpw6v")]
transform = Transform3D(0.349603, 0, -0.936898, 0, 1, 0, 0.936898, 0, 0.349603, 71.9385, 0, -53.4768)

[node name="tree_douglas177" parent="Trees" instance=ExtResource("12_cpw6v")]
transform = Transform3D(0.924559, 0, -0.381038, 0, 1, 0, 0.381038, 0, 0.924559, 62.6263, 0, -54.8837)

[node name="tree_douglas178" parent="Trees" instance=ExtResource("12_cpw6v")]
transform = Transform3D(0.924559, 0, -0.381038, 0, 1, 0, 0.381038, 0, 0.924559, 77.5386, 0, -60.4482)

[node name="tree_douglas179" parent="Trees" instance=ExtResource("12_cpw6v")]
transform = Transform3D(0.904321, 0, 0.426853, 0, 1, 0, -0.426853, 0, 0.904321, 86.5202, 0, -63.7998)

[node name="tree_douglas69" parent="Trees" instance=ExtResource("12_cpw6v")]
transform = Transform3D(0.854577, 0, -0.519325, 0, 1, 0, 0.519325, 0, 0.854577, 41.3966, 0, 1.29)

[node name="tree_douglas70" parent="Trees" instance=ExtResource("12_cpw6v")]
transform = Transform3D(0.246728, 0, -0.969085, 0, 1, 0, 0.969085, 0, 0.246728, 20.485, 0, -12.756)

[node name="tree_douglas71" parent="Trees" instance=ExtResource("12_cpw6v")]
transform = Transform3D(0.986127, 0, 0.165994, 0, 1, 0, -0.165994, 0, 0.986127, 35.3167, 0, -7.64299)

[node name="tree_douglas72" parent="Trees" instance=ExtResource("12_cpw6v")]
transform = Transform3D(0.54911, 0, 0.83575, 0, 1, 0, -0.83575, 0, 0.54911, 32.173, 0, 1.23473)

[node name="tree_douglas73" parent="Trees" instance=ExtResource("12_cpw6v")]
transform = Transform3D(0.54911, 0, 0.83575, 0, 1, 0, -0.83575, 0, 0.54911, 29.531, 0, -14.4611)

[node name="tree_douglas74" parent="Trees" instance=ExtResource("12_cpw6v")]
transform = Transform3D(-0.248014, 0, 0.968756, 0, 1, 0, -0.968756, 0, -0.248014, 27.9395, 0, -23.9146)

[node name="tree_douglas75" parent="Trees" instance=ExtResource("12_cpw6v")]
transform = Transform3D(0.404535, 0, 0.914523, 0, 1, 0, -0.914523, 0, 0.404535, 46.7093, 0, -53.7304)

[node name="tree_douglas76" parent="Trees" instance=ExtResource("12_cpw6v")]
transform = Transform3D(-0.444307, 0, -0.895875, 0, 1, 0, 0.895875, 0, -0.444307, 36.5722, 0, -69.2118)

[node name="tree_douglas77" parent="Trees" instance=ExtResource("12_cpw6v")]
transform = Transform3D(0.391422, 0, 0.920211, 0, 1, 0, -0.920211, 0, 0.391422, 34.0044, 0, 10.5485)

[node name="tree_douglas78" parent="Trees" instance=ExtResource("12_cpw6v")]
transform = Transform3D(0.923692, 0, 0.383135, 0, 1, 0, -0.383135, 0, 0.923692, 23.1021, 0, 33.2581)

[node name="tree_douglas79" parent="Trees" instance=ExtResource("12_cpw6v")]
transform = Transform3D(-0.305679, 0, 0.952135, 0, 1, 0, -0.952135, 0, -0.305679, 26.0355, 0, 17.8465)

[node name="tree_douglas80" parent="Trees" instance=ExtResource("12_cpw6v")]
transform = Transform3D(-0.90585, 0, 0.423599, 0, 1, 0, -0.423599, 0, -0.90585, 35.2723, 0, 19.6847)

[node name="tree_douglas81" parent="Trees" instance=ExtResource("12_cpw6v")]
transform = Transform3D(-0.90585, 0, 0.423599, 0, 1, 0, -0.423599, 0, -0.90585, 20.1175, 0, 24.5501)

[node name="tree_douglas82" parent="Trees" instance=ExtResource("12_cpw6v")]
transform = Transform3D(-0.923184, 0, -0.38436, 0, 1, 0, 0.38436, 0, -0.923184, 10.9899, 0, 27.4806)

[node name="tree_douglas83" parent="Trees" instance=ExtResource("12_cpw6v")]
transform = Transform3D(0.719594, 0, -0.694395, 0, 1, 0, 0.694395, 0, 0.719594, 5.2955, 0, 43.6464)

[node name="tree_douglas84" parent="Trees" instance=ExtResource("12_cpw6v")]
transform = Transform3D(0.0277821, 0, -0.999614, 0, 1, 0, 0.999614, 0, 0.0277821, -12.0192, 0, 25.3491)

[node name="tree_douglas85" parent="Trees" instance=ExtResource("12_cpw6v")]
transform = Transform3D(0.998502, 0, -0.0547235, 0, 1, 0, 0.0547235, 0, 0.998502, 1.3268, 0, 33.5959)

[node name="tree_douglas86" parent="Trees" instance=ExtResource("12_cpw6v")]
transform = Transform3D(0.719315, 0, 0.694684, 0, 1, 0, -0.694684, 0, 0.719315, -3.69059, 0, 41.5659)

[node name="tree_douglas87" parent="Trees" instance=ExtResource("12_cpw6v")]
transform = Transform3D(0.719315, 0, 0.694684, 0, 1, 0, -0.694684, 0, 0.719315, -2.81958, 0, 25.6732)

[node name="tree_douglas88" parent="Trees" instance=ExtResource("12_cpw6v")]
transform = Transform3D(-0.029108, 0, 0.999576, 0, 1, 0, -0.999576, 0, -0.029108, -2.29509, 0, 16.101)

[node name="tree_douglas89" parent="Trees" instance=ExtResource("12_cpw6v")]
transform = Transform3D(-0.535989, 0, -0.844225, 0, 1, 0, 0.844225, 0, -0.535989, -35.061, 0, 48.0421)

[node name="tree_douglas90" parent="Trees" instance=ExtResource("12_cpw6v")]
transform = Transform3D(-0.973738, 0, -0.227671, 0, 1, 0, 0.227671, 0, -0.973738, -20.6075, 0, 27.41)

[node name="tree_douglas91" parent="Trees" instance=ExtResource("12_cpw6v")]
transform = Transform3D(0.146618, 0, -0.989193, 0, 1, 0, 0.989193, 0, 0.146618, -26.0105, 0, 42.1386)

[node name="tree_douglas92" parent="Trees" instance=ExtResource("12_cpw6v")]
transform = Transform3D(0.824818, 0, -0.565399, 0, 1, 0, 0.565399, 0, 0.824818, -34.8248, 0, 38.8214)

[node name="tree_douglas93" parent="Trees" instance=ExtResource("12_cpw6v")]
transform = Transform3D(0.824818, 0, -0.565399, 0, 1, 0, 0.565399, 0, 0.824818, -19.0802, 0, 36.4877)

[node name="tree_douglas94" parent="Trees" instance=ExtResource("12_cpw6v")]
transform = Transform3D(0.973435, 0, 0.228963, 0, 1, 0, -0.228963, 0, 0.973435, -9.59724, 0, 35.082)

[node name="tree_douglas95" parent="Trees" instance=ExtResource("12_cpw6v")]
transform = Transform3D(-0.535989, 0, -0.844225, 0, 1, 0, 0.844225, 0, -0.535989, 31.651, 0, 49.5757)

[node name="tree_douglas96" parent="Trees" instance=ExtResource("12_cpw6v")]
transform = Transform3D(-0.973738, 0, -0.227671, 0, 1, 0, 0.227671, 0, -0.973738, 46.1044, 0, 28.9435)

[node name="tree_douglas97" parent="Trees" instance=ExtResource("12_cpw6v")]
transform = Transform3D(0.146618, 0, -0.989193, 0, 1, 0, 0.989193, 0, 0.146618, 40.7015, 0, 43.6721)

[node name="tree_douglas98" parent="Trees" instance=ExtResource("12_cpw6v")]
transform = Transform3D(0.824818, 0, -0.565399, 0, 1, 0, 0.565399, 0, 0.824818, 31.8872, 0, 40.3549)

[node name="tree_douglas99" parent="Trees" instance=ExtResource("12_cpw6v")]
transform = Transform3D(0.824818, 0, -0.565399, 0, 1, 0, 0.565399, 0, 0.824818, 47.6317, 0, 38.0212)

[node name="tree_douglas100" parent="Trees" instance=ExtResource("12_cpw6v")]
transform = Transform3D(0.973435, 0, 0.228963, 0, 1, 0, -0.228963, 0, 0.973435, 57.1147, 0, 36.6155)

[node name="tree_douglas101" parent="Trees" instance=ExtResource("12_cpw6v")]
transform = Transform3D(-0.535989, 0, -0.844225, 0, 1, 0, 0.844225, 0, -0.535989, -29.2024, 0, 66.2905)

[node name="tree_douglas102" parent="Trees" instance=ExtResource("12_cpw6v")]
transform = Transform3D(-0.973738, 0, -0.227671, 0, 1, 0, 0.227671, 0, -0.973738, -14.749, 0, 45.6584)

[node name="tree_douglas103" parent="Trees" instance=ExtResource("12_cpw6v")]
transform = Transform3D(0.146618, 0, -0.989193, 0, 1, 0, 0.989193, 0, 0.146618, -20.1519, 0, 60.387)

[node name="tree_douglas104" parent="Trees" instance=ExtResource("12_cpw6v")]
transform = Transform3D(0.824818, 0, -0.565399, 0, 1, 0, 0.565399, 0, 0.824818, -28.9663, 0, 57.0698)

[node name="tree_douglas105" parent="Trees" instance=ExtResource("12_cpw6v")]
transform = Transform3D(0.824818, 0, -0.565399, 0, 1, 0, 0.565399, 0, 0.824818, -13.2217, 0, 54.7361)

[node name="tree_douglas106" parent="Trees" instance=ExtResource("12_cpw6v")]
transform = Transform3D(0.973435, 0, 0.228963, 0, 1, 0, -0.228963, 0, 0.973435, -3.73868, 0, 53.3304)

[node name="tree_douglas107" parent="Trees" instance=ExtResource("12_cpw6v")]
transform = Transform3D(-0.535989, 0, -0.844225, 0, 1, 0, 0.844225, 0, -0.535989, -40.9196, 0, 29.7937)

[node name="tree_douglas108" parent="Trees" instance=ExtResource("12_cpw6v")]
transform = Transform3D(-0.973738, 0, -0.227671, 0, 1, 0, 0.227671, 0, -0.973738, -26.4661, 0, 9.16161)

[node name="tree_douglas109" parent="Trees" instance=ExtResource("12_cpw6v")]
transform = Transform3D(0.146618, 0, -0.989193, 0, 1, 0, 0.989193, 0, 0.146618, -31.8691, 0, 23.8902)

[node name="tree_douglas110" parent="Trees" instance=ExtResource("12_cpw6v")]
transform = Transform3D(0.824818, 0, -0.565399, 0, 1, 0, 0.565399, 0, 0.824818, -40.6834, 0, 20.573)

[node name="tree_douglas111" parent="Trees" instance=ExtResource("12_cpw6v")]
transform = Transform3D(0.824818, 0, -0.565399, 0, 1, 0, 0.565399, 0, 0.824818, -24.9388, 0, 18.2393)

[node name="tree_douglas112" parent="Trees" instance=ExtResource("12_cpw6v")]
transform = Transform3D(0.973435, 0, 0.228963, 0, 1, 0, -0.228963, 0, 0.973435, -15.4558, 0, 16.8336)

[node name="tree_douglas113" parent="Trees" instance=ExtResource("12_cpw6v")]
transform = Transform3D(0.906411, 0, -0.422397, 0, 1, 0, 0.422397, 0, 0.906411, 13.986, 0, 36.1847)

[node name="tree_douglas159" parent="Trees" instance=ExtResource("12_cpw6v")]
transform = Transform3D(-0.569552, 0, 0.821955, 0, 1, 0, -0.821955, 0, -0.569552, -37.9568, 0, 79.0655)

[node name="tree_douglas160" parent="Trees" instance=ExtResource("12_cpw6v")]
transform = Transform3D(-0.841511, 0, -0.54024, 0, 1, 0, 0.54024, 0, -0.841511, -29.5527, 0, 82.8667)

[node name="tree_douglas161" parent="Trees" instance=ExtResource("12_cpw6v")]
transform = Transform3D(0.691046, 0, 0.72281, 0, 1, 0, -0.72281, 0, 0.691046, 2.47854, 0, 82.6641)

[node name="tree_douglas162" parent="Trees" instance=ExtResource("12_cpw6v")]
transform = Transform3D(0.0500874, 0, 0.998745, 0, 1, 0, -0.998745, 0, 0.0500874, -7.55346, 0, 86.6794)

[node name="tree_douglas163" parent="Trees" instance=ExtResource("12_cpw6v")]
transform = Transform3D(-0.698016, 0, 0.716083, 0, 1, 0, -0.716083, 0, -0.698016, 0.439846, 0, 91.6597)

[node name="tree_douglas164" parent="Trees" instance=ExtResource("12_cpw6v")]
transform = Transform3D(-0.698016, 0, 0.716083, 0, 1, 0, -0.716083, 0, -0.698016, -15.4568, 0, 90.8625)

[node name="tree_douglas165" parent="Trees" instance=ExtResource("12_cpw6v")]
transform = Transform3D(0.691046, 0, 0.72281, 0, 1, 0, -0.72281, 0, 0.691046, 0.309927, 0, 63.6214)

[node name="tree_douglas166" parent="Trees" instance=ExtResource("12_cpw6v")]
transform = Transform3D(0.999474, 0, 0.0324225, 0, 1, 0, -0.0324225, 0, 0.999474, -17.9067, 0, 81.0208)

[node name="tree_douglas167" parent="Trees" instance=ExtResource("12_cpw6v")]
transform = Transform3D(0.0500874, 0, 0.998745, 0, 1, 0, -0.998745, 0, 0.0500874, -9.72207, 0, 67.6367)

[node name="tree_douglas168" parent="Trees" instance=ExtResource("12_cpw6v")]
transform = Transform3D(-0.698016, 0, 0.716083, 0, 1, 0, -0.716083, 0, -0.698016, -1.72877, 0, 72.617)

[node name="tree_douglas169" parent="Trees" instance=ExtResource("12_cpw6v")]
transform = Transform3D(-0.698016, 0, 0.716083, 0, 1, 0, -0.716083, 0, -0.698016, -17.6254, 0, 71.8198)

[node name="tree_douglas170" parent="Trees" instance=ExtResource("12_cpw6v")]
transform = Transform3D(-0.999431, 0, -0.0337483, 0, 1, 0, 0.0337483, 0, -0.999431, -45.1672, 0, 71.3398)

[node name="tree_douglas172" parent="Trees" instance=ExtResource("12_cpw6v")]
transform = Transform3D(-0.655466, 0, 0.755225, 0, 1, 0, -0.755225, 0, -0.655466, -26.7393, 0, 74.2575)

[node name="tree_douglas171" parent="Trees" instance=ExtResource("12_cpw6v")]
transform = Transform3D(-0.806052, 0, 0.591844, 0, 1, 0, -0.591844, 0, -0.806052, -47.9411, 0, 84.6793)

[node name="tree_douglas114" parent="Trees" instance=ExtResource("12_cpw6v")]
transform = Transform3D(-0.886987, 0, 0.461795, 0, 1, 0, -0.461795, 0, -0.886987, 29.6633, 0, 26.3532)

[node name="tree_douglas115" parent="Trees" instance=ExtResource("12_cpw6v")]
transform = Transform3D(0.984771, 0, -0.173854, 0, 1, 0, 0.173854, 0, 0.984771, -45.4919, 0, 52.9098)

[node name="tree_douglas116" parent="Trees" instance=ExtResource("12_cpw6v")]
transform = Transform3D(0.581541, 0, -0.813517, 0, 1, 0, 0.813517, 0, 0.581541, -70.0749, 0, 47.4088)

[node name="tree_douglas117" parent="Trees" instance=ExtResource("12_cpw6v")]
transform = Transform3D(0.858692, 0, 0.512493, 0, 1, 0, -0.512493, 0, 0.858692, -54.3987, 0, 46.7917)

[node name="tree_douglas118" parent="Trees" instance=ExtResource("12_cpw6v")]
transform = Transform3D(0.208441, 0, 0.978035, 0, 1, 0, -0.978035, 0, 0.208441, -54.1069, 0, 56.2051)

[node name="tree_douglas119" parent="Trees" instance=ExtResource("12_cpw6v")]
transform = Transform3D(0.208441, 0, 0.978035, 0, 1, 0, -0.978035, 0, 0.208441, -62.2641, 0, 42.5376)

[node name="tree_douglas120" parent="Trees" instance=ExtResource("12_cpw6v")]
transform = Transform3D(-0.58262, 0, 0.812745, 0, 1, 0, -0.812745, 0, -0.58262, -67.1773, 0, 34.3058)

[node name="tree_douglas121" parent="Trees" instance=ExtResource("12_cpw6v")]
transform = Transform3D(-0.51426, 0, -0.857634, 0, 1, 0, 0.857634, 0, -0.51426, -84.2106, 0, 32.4031)

[node name="tree_douglas122" parent="Trees" instance=ExtResource("12_cpw6v")]
transform = Transform3D(-0.967608, 0, -0.252458, 0, 1, 0, 0.252458, 0, -0.967608, -70.2887, 0, 11.4087)

[node name="tree_douglas123" parent="Trees" instance=ExtResource("12_cpw6v")]
transform = Transform3D(0.171826, 0, -0.985127, 0, 1, 0, 0.985127, 0, 0.171826, -75.3138, 0, 26.2704)

[node name="tree_douglas124" parent="Trees" instance=ExtResource("12_cpw6v")]
transform = Transform3D(0.838984, 0, -0.544156, 0, 1, 0, 0.544156, 0, 0.838984, -84.21, 0, 23.1793)

[node name="tree_douglas125" parent="Trees" instance=ExtResource("12_cpw6v")]
transform = Transform3D(0.838984, 0, -0.544156, 0, 1, 0, 0.544156, 0, 0.838984, -68.5301, 0, 20.4444)

[node name="tree_douglas126" parent="Trees" instance=ExtResource("12_cpw6v")]
transform = Transform3D(0.967272, 0, 0.253741, 0, 1, 0, -0.253741, 0, 0.967272, -59.0861, 0, 18.7971)

[node name="tree_douglas127" parent="Trees" instance=ExtResource("12_cpw6v")]
transform = Transform3D(-0.943339, 0, 0.331832, 0, 1, 0, -0.331832, 0, -0.943339, -97.5927, 0, -5.92303)

[node name="tree_douglas128" parent="Trees" instance=ExtResource("12_cpw6v")]
transform = Transform3D(-0.441365, 0, 0.897328, 0, 1, 0, -0.897328, 0, -0.441365, -74.233, 0, 3.50612)

[node name="tree_douglas129" parent="Trees" instance=ExtResource("12_cpw6v")]
transform = Transform3D(-0.93066, 0, -0.365884, 0, 1, 0, 0.365884, 0, -0.93066, -89.8005, 0, 1.56332)

[node name="tree_douglas130" parent="Trees" instance=ExtResource("12_cpw6v")]
transform = Transform3D(-0.36486, 0, -0.931062, 0, 1, 0, 0.931062, 0, -0.36486, -88.5562, 0, -7.772)

[node name="tree_douglas131" parent="Trees" instance=ExtResource("12_cpw6v")]
transform = Transform3D(-0.36486, 0, -0.931062, 0, 1, 0, 0.931062, 0, -0.36486, -82.7325, 0, 7.04095)

[node name="tree_douglas132" parent="Trees" instance=ExtResource("12_cpw6v")]
transform = Transform3D(0.442555, 0, -0.896741, 0, 1, 0, 0.896741, 0, 0.442555, -79.2248, 0, 15.9628)

[node name="tree_douglas133" parent="Trees" instance=ExtResource("12_cpw6v")]
transform = Transform3D(-0.943339, 0, 0.331832, 0, 1, 0, -0.331832, 0, -0.943339, -84.0446, 0, 59.4168)

[node name="tree_douglas139" parent="Trees" instance=ExtResource("12_cpw6v")]
transform = Transform3D(-0.943339, 0, 0.331832, 0, 1, 0, -0.331832, 0, -0.943339, -80.4929, 0, 47.717)

[node name="tree_douglas141" parent="Trees" instance=ExtResource("12_cpw6v")]
transform = Transform3D(-0.943339, 0, 0.331832, 0, 1, 0, -0.331832, 0, -0.943339, -44.3489, 0, 43.1206)

[node name="tree_douglas142" parent="Trees" instance=ExtResource("12_cpw6v")]
transform = Transform3D(-0.943339, 0, 0.331832, 0, 1, 0, -0.331832, 0, -0.943339, -56.6755, 0, 33.5101)

[node name="tree_douglas154" parent="Trees" instance=ExtResource("12_cpw6v")]
transform = Transform3D(-0.943339, 0, 0.331832, 0, 1, 0, -0.331832, 0, -0.943339, -66.9128, 0, 62.1328)

[node name="tree_douglas155" parent="Trees" instance=ExtResource("12_cpw6v")]
transform = Transform3D(-0.943339, 0, 0.331832, 0, 1, 0, -0.331832, 0, -0.943339, -51.8702, 0, 66.1024)

[node name="tree_douglas156" parent="Trees" instance=ExtResource("12_cpw6v")]
transform = Transform3D(-0.943339, 0, 0.331832, 0, 1, 0, -0.331832, 0, -0.943339, -42.2596, 0, 62.1328)

[node name="tree_douglas157" parent="Trees" instance=ExtResource("12_cpw6v")]
transform = Transform3D(-0.640123, 0, 0.768272, 0, 1, 0, -0.768272, 0, -0.640123, -48.5274, 0, 35.3904)

[node name="tree_douglas158" parent="Trees" instance=ExtResource("12_cpw6v")]
transform = Transform3D(-0.640123, 0, 0.768272, 0, 1, 0, -0.768272, 0, -0.640123, -54.7951, 0, 5.93199)

[node name="tree_douglas153" parent="Trees" instance=ExtResource("12_cpw6v")]
transform = Transform3D(-0.943339, 0, 0.331832, 0, 1, 0, -0.331832, 0, -0.943339, -50.1988, 0, 23.8996)

[node name="tree_douglas134" parent="Trees" instance=ExtResource("12_cpw6v")]
transform = Transform3D(-0.441365, 0, 0.897328, 0, 1, 0, -0.897328, 0, -0.441365, -60.6849, 0, 68.8459)

[node name="tree_douglas135" parent="Trees" instance=ExtResource("12_cpw6v")]
transform = Transform3D(-0.93066, 0, -0.365884, 0, 1, 0, 0.365884, 0, -0.93066, -76.2525, 0, 66.9031)

[node name="tree_douglas136" parent="Trees" instance=ExtResource("12_cpw6v")]
transform = Transform3D(-0.36486, 0, -0.931062, 0, 1, 0, 0.931062, 0, -0.36486, -75.0081, 0, 57.5678)

[node name="tree_douglas137" parent="Trees" instance=ExtResource("12_cpw6v")]
transform = Transform3D(-0.36486, 0, -0.931062, 0, 1, 0, 0.931062, 0, -0.36486, -69.1845, 0, 72.3807)

[node name="tree_douglas138" parent="Trees" instance=ExtResource("12_cpw6v")]
transform = Transform3D(0.442555, 0, -0.896741, 0, 1, 0, 0.896741, 0, 0.442555, -65.6768, 0, 81.3026)

[node name="tree_douglas140" parent="Trees" instance=ExtResource("12_cpw6v")]
transform = Transform3D(-0.441365, 0, 0.897328, 0, 1, 0, -0.897328, 0, -0.441365, -90.6905, 0, 13.3284)

[node name="tree_douglas143" parent="Trees" instance=ExtResource("12_cpw6v")]
transform = Transform3D(-0.36486, 0, -0.931062, 0, 1, 0, 0.931062, 0, -0.36486, -99.19, 0, 16.8633)

[node name="tree_douglas144" parent="Trees" instance=ExtResource("12_cpw6v")]
transform = Transform3D(0.442555, 0, -0.896741, 0, 1, 0, 0.896741, 0, 0.442555, -95.6823, 0, 25.7851)

[node name="tree_douglas145" parent="Trees" instance=ExtResource("12_cpw6v")]
transform = Transform3D(-0.943339, 0, 0.331832, 0, 1, 0, -0.331832, 0, -0.943339, -81.1352, 0, -15.7454)

[node name="tree_douglas146" parent="Trees" instance=ExtResource("12_cpw6v")]
transform = Transform3D(-0.441365, 0, 0.897328, 0, 1, 0, -0.897328, 0, -0.441365, -57.7755, 0, -6.3162)

[node name="tree_douglas147" parent="Trees" instance=ExtResource("12_cpw6v")]
transform = Transform3D(-0.93066, 0, -0.365884, 0, 1, 0, 0.365884, 0, -0.93066, -73.343, 0, -8.259)

[node name="tree_douglas148" parent="Trees" instance=ExtResource("12_cpw6v")]
transform = Transform3D(-0.36486, 0, -0.931062, 0, 1, 0, 0.931062, 0, -0.36486, -72.0987, 0, -17.5943)

[node name="tree_douglas149" parent="Trees" instance=ExtResource("12_cpw6v")]
transform = Transform3D(-0.36486, 0, -0.931062, 0, 1, 0, 0.931062, 0, -0.36486, -66.275, 0, -2.78138)

[node name="tree_douglas184" parent="Trees" instance=ExtResource("12_cpw6v")]
transform = Transform3D(-0.943339, 0, 0.331832, 0, 1, 0, -0.331832, 0, -0.943339, -86.009, 0, -46.2066)

[node name="tree_douglas185" parent="Trees" instance=ExtResource("12_cpw6v")]
transform = Transform3D(-0.441365, 0, 0.897328, 0, 1, 0, -0.897328, 0, -0.441365, -62.6493, 0, -36.7775)

[node name="tree_douglas186" parent="Trees" instance=ExtResource("12_cpw6v")]
transform = Transform3D(-0.93066, 0, -0.365884, 0, 1, 0, 0.365884, 0, -0.93066, -78.2168, 0, -38.7203)

[node name="tree_douglas187" parent="Trees" instance=ExtResource("12_cpw6v")]
transform = Transform3D(-0.36486, 0, -0.931062, 0, 1, 0, 0.931062, 0, -0.36486, -76.9725, 0, -48.0556)

[node name="tree_douglas188" parent="Trees" instance=ExtResource("12_cpw6v")]
transform = Transform3D(-0.36486, 0, -0.931062, 0, 1, 0, 0.931062, 0, -0.36486, -71.1488, 0, -33.2426)

[node name="tree_douglas189" parent="Trees" instance=ExtResource("12_cpw6v")]
transform = Transform3D(0.0189009, 0, -0.999821, 0, 1, 0, 0.999821, 0, 0.0189009, -83.957, 0, -56.5937)

[node name="tree_douglas194" parent="Trees" instance=ExtResource("12_cpw6v")]
transform = Transform3D(-0.397917, 0, -0.917422, 0, 1, 0, 0.917422, 0, -0.397917, -74.4531, 0, -56.5937)

[node name="tree_douglas190" parent="Trees" instance=ExtResource("12_cpw6v")]
transform = Transform3D(-0.686402, 0, -0.727222, 0, 1, 0, 0.727222, 0, -0.686402, -83.2894, 0, -81.7758)

[node name="tree_douglas191" parent="Trees" instance=ExtResource("12_cpw6v")]
transform = Transform3D(0.668157, 0, -0.74402, 0, 1, 0, 0.74402, 0, 0.668157, -79.6672, 0, -66.5114)

[node name="tree_douglas192" parent="Trees" instance=ExtResource("12_cpw6v")]
transform = Transform3D(0.999867, 0, -0.0163354, 0, 1, 0, 0.0163354, 0, 0.999867, -88.8485, 0, -64.4136)

[node name="tree_douglas193" parent="Trees" instance=ExtResource("12_cpw6v")]
transform = Transform3D(0.999867, 0, -0.0163354, 0, 1, 0, 0.0163354, 0, 0.999867, -77.0062, 0, -75.0484)

[node name="tree_douglas150" parent="Trees" instance=ExtResource("12_cpw6v")]
transform = Transform3D(0.442555, 0, -0.896741, 0, 1, 0, 0.896741, 0, 0.442555, -62.7673, 0, 6.14044)

[node name="tree_douglas151" parent="Trees" instance=ExtResource("12_cpw6v")]
transform = Transform3D(-0.207143, 0, -0.978311, 0, 1, 0, 0.978311, 0, -0.207143, -74.9816, 0, 39.1873)

[node name="tree_douglas152" parent="Trees" instance=ExtResource("12_cpw6v")]
transform = Transform3D(0.249907, 0, 0.96827, 0, 1, 0, -0.96827, 0, 0.249907, -61.8684, 0, 52.2441)

[node name="Security Shed" parent="." instance=ExtResource("12_g3a10")]
transform = Transform3D(-1, 0, 8.74228e-08, 0, 1, 0, -8.74228e-08, 0, -1, -9.34099, -0.164396, 4.63011)

[node name="artwork" parent="." instance=ExtResource("12_uw5u8")]
transform = Transform3D(-4.37114e-08, 0, -1, 0, 1, 0, 1, 0, -4.37114e-08, -6.58916, 1.47022, 3.23064)

[node name="Forest Enter" parent="." instance=ExtResource("2_ggqgh")]
transform = Transform3D(1, 0, 0, 0, 1, 0, 0, 0, 1, 5.4557, 0, -20.2411)
interact_text = "Enter"

[node name="Forest Exit" parent="." instance=ExtResource("2_ggqgh")]
transform = Transform3D(-1, 0, -8.74228e-08, 0, 1, 0, 8.74228e-08, 0, -1, -20.268, 0, -20.7331)
